200
 11450  21250
  5700  13000
 11950  19950
 11300  23050
 21000  19300
 29500  16750
  1600  28950
 12000    500
   900  14450
 18950   2050
 13800  23850
  4300  24200
  7250   1150
 16800   3400
 28050  28900
  9850    500
 29100   9500
 21750   9150
 24950  15400
 11450  30250
 17800   2250
  8350   9600
 15150  15950
 22450  25200
 12250  31900
 12400  11550
  7300   3200
 15250   1750
 31900  30100
 17950    800
 15350  24400
  7450  20300
  4550  18050
 16750   4550
 17500   8450
 23950  26300
  6550  30200
 25150  22200
 16100  14850
 20250  19250
 18350  31350
 19700  25700
 29000  30900
 25900   2400
 12800  19550
 19000  10350
 14250   4400
 20400  25750
 21850  22750
 26850  19750
   850  20400
 12550  19750
    50   1200
 16100  10100
 17900  15450
 16950  11450
 31250   1850
 10600  18800
 13150   2850
 20950  10850
 24700   3900
  4300  27300
 24650  22000
 12500  11600
 20950  14450
 19100  32000
 26900  15250
 15800    350
  8500   1100
 24650  25000
 26000   8900
 23800   8350
 26250   7300
  5850  21150
  5650  31100
 20500  19050
 26900  20650
 14750  13850
 20450  29350
 32100  10200
 30950  22600
 18800  11900
 21300  22850
 21750  26000
 28950   2150
 20100  24000
 20400  14550
 10300  17550
 15500  18000
 12000  28600
  1450  14200
 24850  19050
 21200   9650
  2800   7550
  1900   7200
 10750  20500
 18600  16350
 16050    950
 17850   7950
 14400  22900
 11000  27850
 18550  15100
 12050  16800
  2150  13650
 31950  12000
 30300  18750
 19300   1750
 32050   3500
 20950  15000
 23450   8550
 23150   3600
 29150  10850
  7100  10250
 11200    950
  8100  10050
 28750  19800
 26300  31450
 16200  13550
  9100   8400
 23200  10750
 22700  19700
  8150   8150
 20850  10700
 31300   7600
 28750   1900
  7450   5900
 31650  18000
  1100  28350
  6700  14350
  3100   2150
 28500  28700
 17050  29900
 21100  12050
 28700   7100
 24050   9200
 13300  11900
 12750  12300
 27900  19200
  1800  13200
  4800  27950
 22150   9750
  1650  12050
 10600  23650
 21250  21750
 18450  25500
 18500  20100
 26200  15800
 18250   6700
  2650   7650
  7600  27300
 23650  27500
 16000     50
 15250  28250
 12550  22650
 25750  31000
  2800  15150
 12900  18100
 23800   7500
 30800  31650
   200  32150
 14100  26150
 18200   9350
 27900   6850
  8250   4550
  4200  30900
 27400      0
 18000  29550
 14550   1800
 14850  12500
 29450  19200
  4100   9000
 30450   5650
 16350  17800
 24600  24450
 16800  31650
 28250  32700
 22050  25050
  8200  14650
 22400  31150
 20000  19700
 25850  13100
 21900  29450
 26700  15750
  4650  29350
 25200  24950
 12250  31150
  8400  24200
  8650  32350
 29100  24300
 20950   9500
 11600   6650
 27150   4500
 24900   7050
 28050   3150
 14750  30250
 10000   3300
 16050  18550
 20300   3100
 20750   6450
 10900  29650
 